<?xml version="1.0"?>
<opencv_storage>
<camera_matrix type_id="opencv-matrix">
  <rows>3</rows>
  <cols>3</cols>
  <dt>d</dt>
  <data>
    1.3177192015910673e+03 0. 9.4479731694579129e+02 0.
    1.3177192015910673e+03 5.2476999548144306e+02 0. 0. 1.</data></camera_matrix>
<dist_coeffs type_id="opencv-matrix">
  <rows>1</rows>
  <cols>5</cols>
  <dt>d</dt>
  <data>
    -5.7100260615458642e-01 4.2859034186562761e-01
    5.4095565713225061e-03 3.5070855268502896e-03
    -1.7974521118882100e-01</data></dist_coeffs>
<board_width>8</board_width>
<board_height>5</board_height>
<square_size>2.9999999329447746e-02</square_size>
<avg_reprojection_error>6.4182217449412504e-01</avg_reprojection_error>
<calibration_date>"Thu Jun  5 20:54:51 2025&#x0a;"</calibration_date>
<image_count>39</image_count>
</opencv_storage>
